Accuracy: 0.9370424597364568
Precision: 0.8525179856115108
Recall: 0.9916317991631799
