Accuracy: 0.9136163982430454
Precision: 0.835820895522388
Recall: 0.9372384937238494
