Accuracy: 0.9663250366032211
Precision: 0.9615384615384616
Recall: 0.9414225941422594
