Accuracy: 0.9355783308931186
Precision: 0.9045643153526971
Recall: 0.9121338912133892
