Accuracy: 0.9692532942898975
Precision: 0.9467213114754098
Recall: 0.9665271966527197
