Accuracy: 0.947289156626506
Precision: 0.9795918367346939
Recall: 0.9504950495049505
