Accuracy: 0.8704819277108434
Precision: 0.9198396793587175
Recall: 0.9089108910891089
