Accuracy: 0.9442771084337349
Precision: 0.9795081967213115
Recall: 0.9465346534653465
