Accuracy: 0.4864457831325301
Precision: 1.0
Recall: 0.32475247524752476
