Accuracy: 0.9759036144578314
Precision: 0.9860834990059643
Recall: 0.9821782178217822
