Accuracy: 0.4789156626506024
Precision: 1.0
Recall: 0.31485148514851485
