Accuracy: 0.5210843373493976
Precision: 0.6851485148514852
Recall: 0.6851485148514852
